0.0 0.0636747095525
-3.89562611407 4.24198646043e-06
3.89562611407 4.24198646043e-06
-3.46025346676 7.43345670453e-06
3.46025346676 7.43345670453e-06
-2.7176382732 0.471747640503
2.7176382732 0.471747640503
-1.73358157652 0.194188914455
1.73358157652 0.194188914455
-0.595497355927 0.0667410132129
0.595497355927 0.0667410132129
-3.9826286521 3.8865953356e-06
3.9826286521 3.8865953356e-06
-3.72062996542 5.16152258033e-06
3.72062996542 5.16152258033e-06
-3.12327090635 1.57334955963e-05
3.12327090635 1.57334955963e-05
-2.25102853867 0.0869947388873
2.25102853867 0.0869947388873
-1.17757145081 0.144800111017
1.17757145081 0.144800111017
-2.0 4.57515190518
-3.94781305703 4.02229684416e-06
-0.0521869429657 0.06369649796
-3.73012673338 5.10270905723e-06
-0.269873266622 0.0642655666101
-3.3588191366 8.88991290564e-06
-0.641180863402 0.0672944122642
-2.86679078826 6.33257287149e-05
-1.13320921174 0.144537314894
-2.29774867796 0.0909049205138
-1.70225132204 0.187273971282
-3.99131432605 3.85398748103e-06
-0.00868567394838 0.0636753127829
-3.86031498271 4.40298301827e-06
-0.139685017289 0.0638313258784
-3.56163545317 6.36429374365e-06
-0.438364546827 0.0652729638073
-3.12551426934 1.56229423733e-05
-0.874485730663 0.160917527926
-2.5887857254 0.152045236473
-1.4112142746 0.153523132059
2.0 4.57515190518
0.0521869429657 0.06369649796
3.94781305703 4.02229684416e-06
0.269873266622 0.0642655666101
3.73012673338 5.10270905723e-06
0.641180863402 0.0672944122642
3.3588191366 8.88991290564e-06
1.13320921174 0.144537314894
2.86679078826 6.33257287149e-05
1.70225132204 0.187273971282
2.29774867796 0.0909049205138
0.00868567394838 0.0636753127829
3.99131432605 3.85398748103e-06
0.139685017289 0.0638313258784
3.86031498271 4.40298301827e-06
0.438364546827 0.0652729638073
3.56163545317 6.36429374365e-06
0.874485730663 0.160917527926
3.12551426934 1.56229423733e-05
1.4112142746 0.153523132059
2.5887857254 0.152045236473
-3.0 2.53275226969e-05
-3.97390652852 3.91982985451e-06
-2.02609347148 0.0752648344757
-3.86506336669 4.38070853495e-06
-2.13493663331 0.0795762761225
-3.6794095683 5.43155350964e-06
-2.3205904317 0.0930771118944
-3.43339539413 7.77388887194e-06
-2.56660460587 0.141890349467
-3.14887433898 1.45533851471e-05
-2.85112566102 7.51623883646e-05
-3.99565716303 3.83786278515e-06
-2.00434283697 0.0847990939114
-3.93015749136 4.09433399761e-06
-2.06984250864 0.0765120364377
-3.78081772659 4.80809381634e-06
-2.21918227341 0.0846725223863
-3.56275713467 6.35405191755e-06
-2.43724286533 0.108145688704
-3.2943928627 1.0123077749e-05
-2.7056071373 0.348785461089
-1.0 318.456908015
-1.97390652852 0.467984335364
-0.0260934714828 0.063680154472
-1.86506336669 0.245651784968
-0.134936633311 0.0638208213472
-1.6794095683 0.18288972972
-0.320590431701 0.0645136101993
-1.43339539413 0.154977855737
-0.566604605871 0.0664259269093
-1.14887433898 0.144566725722
-0.851125661018 0.166635918247
-1.99565716303 1.03972436639
-0.00434283697419 0.0636748603584
-1.93015749136 0.314192875837
-0.0698425086443 0.0637137509315
-1.78081772659 0.207284107107
-0.219182273414 0.0640625115092
-1.56275713467 0.16633245124
-0.437242865331 0.0652644569947
-1.2943928627 0.147716037154
-0.705607137299 0.0684252761667
1.0 318.456908015
0.0260934714828 0.063680154472
1.97390652852 0.467984335364
0.134936633311 0.0638208213472
1.86506336669 0.245651784968
0.320590431701 0.0645136101993
1.6794095683 0.18288972972
0.566604605871 0.0664259269093
1.43339539413 0.154977855737
0.851125661018 0.166635918247
1.14887433898 0.144566725722
0.00434283697419 0.0636748603584
1.99565716303 1.03972436639
0.0698425086443 0.0637137509315
1.93015749136 0.314192875837
0.219182273414 0.0640625115092
1.78081772659 0.207284107107
0.437242865331 0.0652644569947
1.56275713467 0.16633245124
0.705607137299 0.0684252761667
1.2943928627 0.147716037154
3.0 2.53275226969e-05
2.02609347148 0.0752648344757
3.97390652852 3.91982985451e-06
2.13493663331 0.0795762761225
3.86506336669 4.38070853495e-06
2.3205904317 0.0930771118944
3.6794095683 5.43155350964e-06
2.56660460587 0.141890349467
3.43339539413 7.77388887194e-06
2.85112566102 7.51623883646e-05
3.14887433898 1.45533851471e-05
2.00434283697 0.0847990939114
3.99565716303 3.83786278515e-06
2.06984250864 0.0765120364377
3.93015749136 4.09433399761e-06
2.21918227341 0.0846725223863
3.78081772659 4.80809381634e-06
2.43724286533 0.108145688704
3.56275713467 6.35405191755e-06
2.7056071373 0.348785461089
3.2943928627 1.0123077749e-05
-1.5 0.160145286553
-1.98695326426 0.631293272533
-1.01304673574 0.165129816582
-1.93253168334 0.318429908651
-1.06746831666 0.145544319555
-1.83970478415 0.231010406402
-1.16029521585 0.144633262336
-1.71669769706 0.19031938436
-1.28330230294 0.147315159387
-1.57443716949 0.167655630732
-1.42556283051 0.154450095385
-1.99782858151 1.43890204385
-1.00217141849 0.820580205508
-1.96507874568 0.41445540397
-1.03492125432 0.148247287717
-1.89040886329 0.265014711594
-1.10959113671 0.144648389154
-1.78137856733 0.207464378454
-1.21862143267 0.145486520804
-1.64719643135 0.177460931832
-1.35280356865 0.150248724273
-0.5 0.0657808797968
-0.986953264259 0.166412331675
-0.0130467357414 0.0636760706461
-0.932531683344 0.152701062742
-0.0674683166555 0.0637111394064
-0.83970478415 0.170242819574
-0.16029521585 0.0638812045698
-0.716697697065 0.0690139782389
-0.283302302935 0.0643268121581
-0.574437169491 0.0665090489822
-0.425562830509 0.0651773889945
-0.997828581513 0.820793055494
-0.0021714184871 0.0636747472539
-0.965078745678 0.151742560664
-0.0349212543221 0.0636844628908
-0.890408863293 0.157956613687
-0.109591136707 0.0637709694966
-0.781378567334 0.208313087737
-0.218621432666 0.0640605105103
-0.647196431351 0.067373904495
-0.352803568649 0.0646952201909
0.5 0.0657808797968
0.0130467357414 0.0636760706461
0.986953264259 0.166412331675
0.0674683166555 0.0637111394064
0.932531683344 0.152701062742
0.16029521585 0.0638812045698
0.83970478415 0.170242819574
0.283302302935 0.0643268121581
0.716697697065 0.0690139782389
0.425562830509 0.0651773889945
0.574437169491 0.0665090489822
0.0021714184871 0.0636747472539
0.997828581513 0.820793055494
0.0349212543221 0.0636844628908
0.965078745678 0.151742560664
0.109591136707 0.0637709694966
0.890408863293 0.157956613687
0.218621432666 0.0640605105103
0.781378567334 0.208313087737
0.352803568649 0.0646952201909
0.647196431351 0.067373904495
1.5 0.160145286553
1.01304673574 0.165129816582
1.98695326426 0.631293272533
1.06746831666 0.145544319555
1.93253168334 0.318429908651
1.16029521585 0.144633262336
1.83970478415 0.231010406402
1.28330230294 0.147315159387
1.71669769706 0.19031938436
1.42556283051 0.154450095385
1.57443716949 0.167655630732
1.00217141849 0.820580205508
1.99782858151 1.43890204385
1.03492125432 0.148247287717
1.96507874568 0.41445540397
1.10959113671 0.144648389154
1.89040886329 0.265014711594
1.21862143267 0.145486520804
1.78137856733 0.207464378454
1.35280356865 0.150248724273
1.64719643135 0.177460931832
2.5 0.120861647278
2.01304673574 0.0761413201362
2.98695326426 2.70089332028e-05
2.06746831666 0.0764161532038
2.93253168334 3.69839099182e-05
2.16029521585 0.0809689350479
2.83970478415 8.6549400308e-05
2.28330230294 0.0896246071448
2.71669769706 0.457121994469
2.42556283051 0.106236616946
2.57443716949 0.145226420112
2.00217141849 0.105019249923
2.99782858151 2.55936602971e-05
2.03492125432 0.0753491823264
2.96507874568 3.03443879289e-05
2.10959113671 0.0782941006415
2.89040886329 5.07628287036e-05
2.21862143267 0.0846338085205
2.78137856733 0.000265621065592
2.35280356865 0.0964938297839
2.64719643135 0.196112258785
3.5 6.97746096824e-06
3.01304673574 2.38314500686e-05
3.98695326426 3.87029964973e-06
3.06746831666 1.90502353053e-05
3.93253168334 4.084515286e-06
3.16029521585 1.4079396452e-05
3.83970478415 4.50203531851e-06
3.28330230294 1.03682029e-05
3.71669769706 5.18623269499e-06
3.42556283051 7.87865353227e-06
3.57443716949 6.24916569587e-06
3.00217141849 2.50665036991e-05
3.99782858151 3.82984467962e-06
3.03492125432 2.16640812255e-05
3.96507874568 3.95397797157e-06
3.10959113671 1.64409080664e-05
3.89040886329 4.26511347164e-06
3.21862143267 1.20528079735e-05
3.78137856733 4.80500497362e-06
3.35280356865 8.99298123341e-06
3.64719643135 5.66089755922e-06
-3.5 6.97746096824e-06
-3.98695326426 3.87029964973e-06
-3.01304673574 2.38314500686e-05
-3.93253168334 4.084515286e-06
-3.06746831666 1.90502353053e-05
-3.83970478415 4.50203531851e-06
-3.16029521585 1.4079396452e-05
-3.71669769706 5.18623269499e-06
-3.28330230294 1.03682029e-05
-3.57443716949 6.24916569587e-06
-3.42556283051 7.87865353227e-06
-3.99782858151 3.82984467962e-06
-3.00217141849 2.50665036991e-05
-3.96507874568 3.95397797157e-06
-3.03492125432 2.16640812255e-05
-3.89040886329 4.26511347164e-06
-3.10959113671 1.64409080664e-05
-3.78137856733 4.80500497362e-06
-3.21862143267 1.20528079735e-05
-3.64719643135 5.66089755922e-06
-3.35280356865 8.99298123341e-06
-2.5 0.120861647278
-2.98695326426 2.70089332028e-05
-2.01304673574 0.0761413201362
-2.93253168334 3.69839099182e-05
-2.06746831666 0.0764161532038
-2.83970478415 8.6549400308e-05
-2.16029521585 0.0809689350479
-2.71669769706 0.457121994469
-2.28330230294 0.0896246071448
-2.57443716949 0.145226420112
-2.42556283051 0.106236616946
-2.99782858151 2.55936602971e-05
-2.00217141849 0.105019249923
-2.96507874568 3.03443879289e-05
-2.03492125432 0.0753491823264
-2.89040886329 5.07628287036e-05
-2.10959113671 0.0782941006415
-2.78137856733 0.000265621065592
-2.21862143267 0.0846338085205
-2.64719643135 0.196112258785
-2.35280356865 0.0964938297839
-2.75 0.00118446741464
-2.99347663213 2.61430547772e-05
-2.50652336787 0.122490592527
-2.96626584167 3.01439920585e-05
-2.53373415833 0.130155017712
-2.91985239207 4.03434121735e-05
-2.58014760793 0.147822392061
-2.85834884853 6.92537845617e-05
-2.64165115147 0.190133571164
-2.78721858475 0.000225607501666
-2.71278141525 0.408229995134
-2.99891429076 2.54599426606e-05
-2.50108570924 0.121127830017
-2.98253937284 2.76256775717e-05
-2.51746062716 0.125391227602
-2.94520443165 3.41058037451e-05
-2.55479556835 0.137292332294
-2.89068928367 5.06409557184e-05
-2.60931071633 0.163838243561
-2.82359821568 0.000108811437225
-2.67640178432 0.24129205745
-2.25 0.0869157377624
-2.49347663213 0.119301858388
-2.00652336787 0.0798013670818
-2.46626584167 0.113445662828
-2.03373415833 0.0753273540763
-2.41985239207 0.105344177317
-2.08014760793 0.0769440233687
-2.35834884853 0.0971292206227
-2.14165115147 0.0799341409952
-2.28721858475 0.0899649716052
-2.21278141525 0.0842349109579
-2.49891429076 0.12059737911
-2.00108570924 0.162074846907
-2.48253937284 0.11682929939
-2.01746062716 0.0755534973254
-2.44520443165 0.109516120612
-2.05479556835 0.0759333831265
-2.39068928367 0.101157347735
-2.10931071633 0.0782805196252
-2.32359821568 0.0933777227577
-2.17640178432 0.0819135069385
2.25 0.0869157377624
2.00652336787 0.0798013670818
2.49347663213 0.119301858388
2.03373415833 0.0753273540763
2.46626584167 0.113445662828
2.08014760793 0.0769440233687
2.41985239207 0.105344177317
2.14165115147 0.0799341409952
2.35834884853 0.0971292206227
2.21278141525 0.0842349109579
2.28721858475 0.0899649716052
2.00108570924 0.162074846907
2.49891429076 0.12059737911
2.01746062716 0.0755534973254
2.48253937284 0.11682929939
2.05479556835 0.0759333831265
2.44520443165 0.109516120612
2.10931071633 0.0782805196252
2.39068928367 0.101157347735
2.17640178432 0.0819135069385
2.32359821568 0.0933777227577
2.75 0.00118446741464
2.50652336787 0.122490592527
2.99347663213 2.61430547772e-05
2.53373415833 0.130155017712
2.96626584167 3.01439920585e-05
2.58014760793 0.147822392061
2.91985239207 4.03434121735e-05
2.64165115147 0.190133571164
2.85834884853 6.92537845617e-05
2.71278141525 0.408229995134
2.78721858475 0.000225607501666
2.50108570924 0.121127830017
2.99891429076 2.54599426606e-05
2.51746062716 0.125391227602
2.98253937284 2.76256775717e-05
2.55479556835 0.137292332294
2.94520443165 3.41058037451e-05
2.60931071633 0.163838243561
2.89068928367 5.06409557184e-05
2.67640178432 0.24129205745
2.82359821568 0.000108811437225
1.25 0.146263935294
1.00652336787 0.221497672138
1.49347663213 0.159581238668
1.03373415833 0.148471467569
1.46626584167 0.157369315427
1.08014760793 0.145140438893
1.41985239207 0.154075081547
1.14165115147 0.144543891154
1.35834884853 0.150526724792
1.21278141525 0.145365362341
1.28721858475 0.147453826097
1.00108570924 2.82462185738
1.49891429076 0.160050466251
1.01746062716 0.156691937603
1.48253937284 0.15866543572
1.05479556835 0.146163427285
1.44520443165 0.155803524513
1.10931071633 0.144650994716
1.39068928367 0.152283560006
1.17640178432 0.144786411055
1.32359821568 0.148893116542
1.75 0.198320754876
1.50652336787 0.160723074689
1.99347663213 0.8620645666
1.53373415833 0.163289752999
1.96626584167 0.420411377029
1.58014760793 0.168324778475
1.91985239207 0.298019695726
1.64165115147 0.176603445137
1.85834884853 0.241401336425
1.71278141525 0.189471014632
1.78721858475 0.209383103595
1.50108570924 0.160240487422
1.99891429076 1.99970023239
1.51746062716 0.161723644455
1.98253937284 0.555717742932
1.55479556835 0.165464078182
1.94520443165 0.345483343996
1.60931071633 0.171989464643
1.89068928367 0.265265339037
1.67640178432 0.182347828678
1.82359821568 0.223372157404
-1.75 0.198320754876
-1.99347663213 0.8620645666
-1.50652336787 0.160723074689
-1.96626584167 0.420411377029
-1.53373415833 0.163289752999
-1.91985239207 0.298019695726
-1.58014760793 0.168324778475
-1.85834884853 0.241401336425
-1.64165115147 0.176603445137
-1.78721858475 0.209383103595
-1.71278141525 0.189471014632
-1.99891429076 1.99970023239
-1.50108570924 0.160240487422
-1.98253937284 0.555717742932
-1.51746062716 0.161723644455
-1.94520443165 0.345483343996
-1.55479556835 0.165464078182
-1.89068928367 0.265265339037
-1.60931071633 0.171989464643
-1.82359821568 0.223372157404
-1.67640178432 0.182347828678
-1.25 0.146263935294
-1.49347663213 0.159581238668
-1.00652336787 0.221497672138
-1.46626584167 0.157369315427
-1.03373415833 0.148471467569
-1.41985239207 0.154075081547
-1.08014760793 0.145140438893
-1.35834884853 0.150526724792
-1.14165115147 0.144543891154
-1.28721858475 0.147453826097
-1.21278141525 0.145365362341
-1.49891429076 0.160050466251
-1.00108570924 2.82462185738
-1.48253937284 0.15866543572
-1.01746062716 0.156691937603
-1.44520443165 0.155803524513
-1.05479556835 0.146163427285
-1.39068928367 0.152283560006
-1.10931071633 0.144650994716
-1.32359821568 0.148893116542
-1.17640178432 0.144786411055
0.25 0.0641806951613
0.00652336787071 0.0636750498174
0.493476632129 0.0657232565406
0.0337341583278 0.0636838109154
0.466265841672 0.0654929053257
0.0801476079252 0.0637261374194
0.419852392075 0.0651358184304
0.141651151468 0.0638357834097
0.358348848532 0.064728414799
0.212781415255 0.0640399902022
0.287218584745 0.0643452695743
0.00108570924355 0.0636747189778
0.498914290756 0.0657712237692
0.0174606271611 0.0636771474497
0.482539372839 0.0656287449843
0.0547955683534 0.0636987319547
0.445204431647 0.0653253929804
0.109310716333 0.0637704763516
0.390689283667 0.0649335530844
0.176401784325 0.0639250559321
0.323598215675 0.0645297649128
0.75 0.291588168053
0.506523367871 0.0658394525916
0.993476632129 0.222137529535
0.533734158328 0.0660942862947
0.966265841672 0.151843184275
0.580147607925 0.0665707007545
0.919852392075 0.15392922827
0.641651151468 0.0673005572204
0.858348848532 0.164658572465
0.712781415255 0.0687346716156
0.787218584745 0.201659309487
0.501085709244 0.0657905621254
0.998914290756 2.82472827594
0.517460627161 0.0659398199116
0.982539372839 0.15841231034
0.554795568353 0.0663036540866
0.945204431647 0.15182013343
0.609310716333 0.0669003931478
0.890689283667 0.157909951396
0.676401784325 0.0677983456463
0.823598215675 0.176634614438
-0.75 0.291588168053
-0.993476632129 0.222137529535
-0.506523367871 0.0658394525916
-0.966265841672 0.151843184275
-0.533734158328 0.0660942862947
-0.919852392075 0.15392922827
-0.580147607925 0.0665707007545
-0.858348848532 0.164658572465
-0.641651151468 0.0673005572204
-0.787218584745 0.201659309487
-0.712781415255 0.0687346716156
-0.998914290756 2.82472827594
-0.501085709244 0.0657905621254
-0.982539372839 0.15841231034
-0.517460627161 0.0659398199116
-0.945204431647 0.15182013343
-0.554795568353 0.0663036540866
-0.890689283667 0.157909951396
-0.609310716333 0.0669003931478
-0.823598215675 0.176634614438
-0.676401784325 0.0677983456463
-0.25 0.0641806951613
-0.493476632129 0.0657232565406
-0.00652336787071 0.0636750498174
-0.466265841672 0.0654929053257
-0.0337341583278 0.0636838109154
-0.419852392075 0.0651358184304
-0.0801476079252 0.0637261374194
-0.358348848532 0.064728414799
-0.141651151468 0.0638357834097
-0.287218584745 0.0643452695743
-0.212781415255 0.0640399902022
-0.498914290756 0.0657712237692
-0.00108570924355 0.0636747189778
-0.482539372839 0.0656287449843
-0.0174606271611 0.0636771474497
-0.445204431647 0.0653253929804
-0.0547955683534 0.0636987319547
-0.390689283667 0.0649335530844
-0.109310716333 0.0637704763516
-0.323598215675 0.0645297649128
-0.176401784325 0.0639250559321
2.625 0.175086819743
2.50326168394 0.121667167537
2.74673831606 0.00159732384755
2.51686707916 0.125228010914
2.73313292084 0.0790086447836
2.54007380396 0.132176729957
2.70992619604 0.38111195992
2.57082557573 0.143657439056
2.67917442427 0.247453075078
2.60639070763 0.161983415655
2.64360929237 0.192179904084
2.50054285462 0.120994497923
2.74945714538 0.00123992923431
2.50873031358 0.123058230886
2.74126968642 0.00320345266677
2.52739778418 0.128231066466
2.72260221582 0.582270982934
2.55465535817 0.137240565431
2.69534464183 0.296410583388
2.58820089216 0.151747195402
2.66179910784 0.215142396191
2.875 5.83779018762e-05
2.75326168394 0.000923794529078
2.99673831606 2.5729263515e-05
2.76686707916 0.000443184856958
2.98313292084 2.75412233158e-05
2.79007380396 0.000209637987125
2.95992619604 3.12435443763e-05
2.82082557573 0.000113673740835
2.92917442427 3.78223099639e-05
2.85639070763 7.07719136659e-05
2.89360929237 4.94026697239e-05
2.75054285462 0.00113304405019
2.99945714538 2.53935716089e-05
2.75873031358 0.000657081719091
2.99126968642 2.64301389999e-05
2.77739778418 0.000300441584486
2.97260221582 2.91145639101e-05
2.80465535817 0.000151577463523
2.94534464183 3.40762739248e-05
2.83820089216 8.82772629193e-05
2.91179910784 4.2780938265e-05
-2.875 5.83779018762e-05
-2.99673831606 2.5729263515e-05
-2.75326168394 0.000923794529078
-2.98313292084 2.75412233158e-05
-2.76686707916 0.000443184856958
-2.95992619604 3.12435443763e-05
-2.79007380396 0.000209637987125
-2.92917442427 3.78223099639e-05
-2.82082557573 0.000113673740835
-2.89360929237 4.94026697239e-05
-2.85639070763 7.07719136659e-05
-2.99945714538 2.53935716089e-05
-2.75054285462 0.00113304405019
-2.99126968642 2.64301389999e-05
-2.75873031358 0.000657081719091
-2.97260221582 2.91145639101e-05
-2.77739778418 0.000300441584486
-2.94534464183 3.40762739248e-05
-2.80465535817 0.000151577463523
-2.91179910784 4.2780938265e-05
-2.83820089216 8.82772629193e-05
-2.625 0.175086819743
-2.74673831606 0.00159732384755
-2.50326168394 0.121667167537
-2.73313292084 0.0790086447836
-2.51686707916 0.125228010914
-2.70992619604 0.38111195992
-2.54007380396 0.132176729957
-2.67917442427 0.247453075078
-2.57082557573 0.143657439056
-2.64360929237 0.192179904084
-2.60639070763 0.161983415655
-2.74945714538 0.00123992923431
-2.50054285462 0.120994497923
-2.74126968642 0.00320345266677
-2.50873031358 0.123058230886
-2.72260221582 0.582270982934
-2.52739778418 0.128231066466
-2.69534464183 0.296410583388
-2.55465535817 0.137240565431
-2.66179910784 0.215142396191
-2.58820089216 0.151747195402
-1.875 0.252548822367
-1.99673831606 1.18815990761
-1.75326168394 0.19919002057
-1.98313292084 0.564123435954
-1.76686707916 0.20300887369
-1.95992619604 0.391738100547
-1.79007380396 0.210349774212
-1.92917442427 0.312500608615
-1.82082557573 0.222160510427
-1.89360929237 0.267932853964
-1.85639070763 0.24021733853
-1.99945714538 2.77211016098
-1.75054285462 0.198464255448
-1.99126968642 0.755250248821
-1.75873031358 0.200686492396
-1.97260221582 0.458476741171
-1.77739778418 0.206199424443
-1.94534464183 0.345833953706
-1.80465535817 0.215607541876
-1.91179910784 0.287387028058
-1.83820089216 0.230250105357
-1.625 0.174149096106
-1.74673831606 0.19746821704
-1.50326168394 0.160432440938
-1.73313292084 0.194081366355
-1.51686707916 0.161668297911
-1.70992619604 0.188863408334
-1.54007380396 0.163926141922
-1.67917442427 0.182847084686
-1.57082557573 0.167240067482
-1.64360929237 0.176903857949
-1.60639070763 0.171602777316
-1.74945714538 0.198177717616
-1.50054285462 0.160192839315
-1.74126968642 0.196074950384
-1.50873031358 0.160921722242
-1.72260221582 0.191632355759
-1.52739778418 0.162668632232
-1.69534464183 0.185895722298
-1.55465535817 0.165449021298
-1.66179910784 0.179822876034
-1.58820089216 0.169294395652
1.625 0.174149096106
1.50326168394 0.160432440938
1.74673831606 0.19746821704
1.51686707916 0.161668297911
1.73313292084 0.194081366355
1.54007380396 0.163926141922
1.70992619604 0.188863408334
1.57082557573 0.167240067482
1.67917442427 0.182847084686
1.60639070763 0.171602777316
1.64360929237 0.176903857949
1.50054285462 0.160192839315
1.74945714538 0.198177717616
1.50873031358 0.160921722242
1.74126968642 0.196074950384
1.52739778418 0.162668632232
1.72260221582 0.191632355759
1.55465535817 0.165449021298
1.69534464183 0.185895722298
1.58820089216 0.169294395652
1.66179910784 0.179822876034
1.875 0.252548822367
1.75326168394 0.19919002057
1.99673831606 1.18815990761
1.76686707916 0.20300887369
1.98313292084 0.564123435954
1.79007380396 0.210349774212
1.95992619604 0.391738100547
1.82082557573 0.222160510427
1.92917442427 0.312500608615
1.85639070763 0.24021733853
1.89360929237 0.267932853964
1.75054285462 0.198464255448
1.99945714538 2.77211016098
1.75873031358 0.200686492396
1.99126968642 0.755250248821
1.77739778418 0.206199424443
1.97260221582 0.458476741171
1.80465535817 0.215607541876
1.94534464183 0.345833953706
1.83820089216 0.230250105357
1.91179910784 0.287387028058
-0.875 0.160811580417
-0.996738316065 0.446107156907
-0.753261683935 0.274527585564
-0.983132920836 0.159124443849
-0.766867079164 0.231987328402
-0.959926196037 0.151502637811
-0.790073803963 0.198799419147
-0.929174424266 0.15299581131
-0.820825575734 0.177931941125
-0.893609292373 0.157434394508
-0.856390707627 0.165173940044
-0.999457145378 10.5940174034
-0.750542854622 0.288432774181
-0.991269686419 0.189230073024
-0.758730313581 0.253421866943
-0.972602215823 0.152844757201
-0.777397784177 0.2136097167
-0.945344641834 0.151812795449
-0.804655358166 0.187100909571
-0.911799107838 0.154865576394
-0.838200892162 0.170768425651
-0.625 0.0670892773131
-0.746738316065 0.314155038334
-0.503261683935 0.0658100468011
-0.733132920836 0.956378039051
-0.516867079164 0.0659343028458
-0.709926196037 0.0685911344328
-0.540073803963 0.0661561639585
-0.679174424266 0.0678438435578
-0.570825575734 0.0664705169913
-0.643609292373 0.0673262668063
-0.606390707627 0.066866190242
-0.749457145378 0.294892489732
-0.500542854622 0.0657857176702
-0.741269686419 0.376553273181
-0.508730313581 0.0658594855452
-0.722602215823 0.0699265348258
-0.527397784177 0.0660334017868
-0.695344641834 0.0681498983939
-0.554655358166 0.0663022238441
-0.661799107838 0.0675763530106
-0.588200892162 0.0666592014147
0.625 0.0670892773131
0.503261683935 0.0658100468011
0.746738316065 0.314155038334
0.516867079164 0.0659343028458
0.733132920836 0.956378039051
0.540073803963 0.0661561639585
0.709926196037 0.0685911344328
0.570825575734 0.0664705169913
0.679174424266 0.0678438435578
0.606390707627 0.066866190242
0.643609292373 0.0673262668063
0.500542854622 0.0657857176702
0.749457145378 0.294892489732
0.508730313581 0.0658594855452
0.741269686419 0.376553273181
0.527397784177 0.0660334017868
0.722602215823 0.0699265348258
0.554655358166 0.0663022238441
0.695344641834 0.0681498983939
0.588200892162 0.0666592014147
0.661799107838 0.0675763530106
0.875 0.160811580417
0.753261683935 0.274527585564
0.996738316065 0.446107156907
0.766867079164 0.231987328402
0.983132920836 0.159124443849
0.790073803963 0.198799419147
0.959926196037 0.151502637811
0.820825575734 0.177931941125
0.929174424266 0.15299581131
0.856390707627 0.165173940044
0.893609292373 0.157434394508
0.750542854622 0.288432774181
0.999457145378 10.5940174034
0.758730313581 0.253421866943
0.991269686419 0.189230073024
0.777397784177 0.2136097167
0.972602215823 0.152844757201
0.804655358166 0.187100909571
0.945344641834 0.151812795449
0.838200892162 0.170768425651
0.911799107838 0.154865576394
-1.375 0.151401997926
-1.49673831606 0.159861567012
-1.25326168394 0.146356723874
-1.48313292084 0.158714194011
-1.26686707916 0.146767672203
-1.45992619604 0.156885080294
-1.29007380396 0.147556912019
-1.42917442427 0.15469150575
-1.32082557573 0.148773766433
-1.39360929237 0.152453860043
-1.35639070763 0.150427795456
-1.49945714538 0.160097828932
-1.25054285462 0.146279224012
-1.49126968642 0.159393462965
-1.25873031358 0.146517279118
-1.47260221582 0.157864760391
-1.27739778418 0.14711206101
-1.44534464183 0.155813548498
-1.30465535817 0.148109545498
-1.41179910784 0.15355992551
-1.33820089216 0.149548305958
-1.125 0.144553094065
-1.24673831606 0.14617337603
-1.00326168394 0.445787402903
-1.23313292084 0.145819857437
-1.01686707916 0.15746313295
-1.20992619604 0.145308884415
-1.04007380396 0.147464802762
-1.17917442427 0.144819437834
-1.07082557573 0.145421111036
-1.14360929237 0.144548553602
-1.10639070763 0.144680137981
-1.24945714538 0.146248708327
-1.00054285462 10.5939641949
-1.24126968642 0.146026565758
-1.00873031358 0.188373249424
-1.22260221582 0.145573409158
-1.02739778418 0.150124553709
-1.19534464183 0.145049232081
-1.05465535817 0.146172073425
-1.16179910784 0.144644690579
-1.08820089216 0.144955347504
1.125 0.144553094065
1.00326168394 0.445787402903
1.24673831606 0.14617337603
1.01686707916 0.15746313295
1.23313292084 0.145819857437
1.04007380396 0.147464802762
1.20992619604 0.145308884415
1.07082557573 0.145421111036
1.17917442427 0.144819437834
1.10639070763 0.144680137981
1.14360929237 0.144548553602
1.00054285462 10.5939641949
1.24945714538 0.146248708327
1.00873031358 0.188373249424
1.24126968642 0.146026565758
1.02739778418 0.150124553709
1.22260221582 0.145573409158
1.05465535817 0.146172073425
1.19534464183 0.145049232081
1.08820089216 0.144955347504
1.16179910784 0.144644690579
1.375 0.151401997926
1.25326168394 0.146356723874
1.49673831606 0.159861567012
1.26686707916 0.146767672203
1.48313292084 0.158714194011
1.29007380396 0.147556912019
1.45992619604 0.156885080294
1.32082557573 0.148773766433
1.42917442427 0.15469150575
1.35639070763 0.150427795456
1.39360929237 0.152453860043
1.25054285462 0.146279224012
1.49945714538 0.160097828932
1.25873031358 0.146517279118
1.49126968642 0.159393462965
1.27739778418 0.14711206101
1.47260221582 0.157864760391
1.30465535817 0.148109545498
1.44534464183 0.155813548498
1.33820089216 0.149548305958
1.41179910784 0.15355992551
2.125 0.0790607272069
2.00326168394 0.0907192090082
2.24673831606 0.0866670564448
2.01686707916 0.0756041691778
2.23313292084 0.0856591351372
2.04007380396 0.0754674881512
2.20992619604 0.0840426576407
2.07082557573 0.0765521652506
2.17917442427 0.0820810405716
2.10639070763 0.0781398948957
2.14360929237 0.080039961748
2.00054285462 0.320018312461
2.24945714538 0.0868741546099
2.00873031358 0.0777447320418
2.24126968642 0.086256307316
2.02739778418 0.0752629903612
2.22260221582 0.0849101581219
2.05465535817 0.0759283680013
2.19534464183 0.0830882484068
2.08820089216 0.0772973963212
2.16179910784 0.0810551032159
2.375 0.0991308947559
2.25326168394 0.0871672359278
2.49673831606 0.120073408617
2.26686707916 0.0882477353874
2.48313292084 0.116959156314
2.29007380396 0.0902162235233
2.45992619604 0.112213180302
2.32082557573 0.0931004853294
2.42917442427 0.106814609102
2.35639070763 0.0969031438924
2.39360929237 0.10155082741
2.25054285462 0.0869573989397
2.49945714538 0.120729275271
2.25873031358 0.0875953533138
2.49126968642 0.118788985201
2.27739778418 0.0891205438832
2.47260221582 0.114723979592
2.30465535817 0.0915418443712
2.44534464183 0.109540786053
2.33820089216 0.0948894353414
2.41179910784 0.104128225413
-2.375 0.0991308947559
-2.49673831606 0.120073408617
-2.25326168394 0.0871672359278
-2.48313292084 0.116959156314
-2.26686707916 0.0882477353874
-2.45992619604 0.112213180302
-2.29007380396 0.0902162235233
-2.42917442427 0.106814609102
-2.32082557573 0.0931004853294
-2.39360929237 0.10155082741
-2.35639070763 0.0969031438924
-2.49945714538 0.120729275271
-2.25054285462 0.0869573989397
-2.49126968642 0.118788985201
-2.25873031358 0.0875953533138
-2.47260221582 0.114723979592
-2.27739778418 0.0891205438832
-2.44534464183 0.109540786053
-2.30465535817 0.0915418443712
-2.41179910784 0.104128225413
-2.33820089216 0.0948894353414
-2.125 0.0790607272069
-2.24673831606 0.0866670564448
-2.00326168394 0.0907192090082
-2.23313292084 0.0856591351372
-2.01686707916 0.0756041691778
-2.20992619604 0.0840426576407
-2.04007380396 0.0754674881512
-2.17917442427 0.0820810405716
-2.07082557573 0.0765521652506
-2.14360929237 0.080039961748
-2.10639070763 0.0781398948957
-2.24945714538 0.0868741546099
-2.00054285462 0.320018312461
-2.24126968642 0.086256307316
-2.00873031358 0.0777447320418
-2.22260221582 0.0849101581219
-2.02739778418 0.0752629903612
-2.19534464183 0.0830882484068
-2.05465535817 0.0759283680013
-2.16179910784 0.0810551032159
-2.08820089216 0.0772973963212
0.8125 0.182271652938
0.751630841968 0.28251506472
0.873369158032 0.161150145023
0.758433539582 0.25439213923
0.866566460418 0.16264756999
0.770036901981 0.225624434311
0.854963098019 0.165559120419
0.785412787867 0.203592914811
0.839587212133 0.170283448211
0.803195353814 0.188095223498
0.821804646186 0.177466126709
0.750271427311 0.289992551535
0.874728572689 0.160867405773
0.75436515679 0.269636537453
0.87063484321 0.161735104909
0.763698892088 0.239314590345
0.861301107912 0.163908748697
0.777327679083 0.213709525443
0.847672320917 0.167659737055
0.794100446081 0.195128309777
0.830899553919 0.173515856465
0.9375 0.152308845917
0.876630841968 0.160480482307
0.998369158032 1.33943269663
0.883433539582 0.159175785441
0.991566460418 0.192204125799
0.895036901981 0.157208626747
0.979963098019 0.156057356579
0.910412787867 0.15503883779
0.964587212133 0.151706678613
0.928195353814 0.153086032429
0.946804646186 0.151740143111
0.875271427311 0.160755961863
0.999728572689 38.1892594964
0.87936515679 0.159941581985
0.99563484321 0.314205328192
0.888698892088 0.158244993588
0.986301107912 0.164711807359
0.902327679083 0.15612167835
0.972672320917 0.152861826806
0.919100446081 0.154011607966
0.955899553919 0.151476381231
-0.9375 0.152308845917
-0.998369158032 1.33943269663
-0.876630841968 0.160480482307
-0.991566460418 0.192204125799
-0.883433539582 0.159175785441
-0.979963098019 0.156057356579
-0.895036901981 0.157208626747
-0.964587212133 0.151706678613
-0.910412787867 0.15503883779
-0.946804646186 0.151740143111
-0.928195353814 0.153086032429
-0.999728572689 38.1892594964
-0.875271427311 0.160755961863
-0.99563484321 0.314205328192
-0.87936515679 0.159941581985
-0.986301107912 0.164711807359
-0.888698892088 0.158244993588
-0.972672320917 0.152861826806
-0.902327679083 0.15612167835
-0.955899553919 0.151476381231
-0.919100446081 0.154011607966
-0.8125 0.182271652938
-0.873369158032 0.161150145023
-0.751630841968 0.28251506472
-0.866566460418 0.16264756999
-0.758433539582 0.25439213923
-0.854963098019 0.165559120419
-0.770036901981 0.225624434311
-0.839587212133 0.170283448211
-0.785412787867 0.203592914811
-0.821804646186 0.177466126709
-0.803195353814 0.188095223498
-0.874728572689 0.160867405773
-0.750271427311 0.289992551535
-0.87063484321 0.161735104909
-0.75436515679 0.269636537453
-0.861301107912 0.163908748697
-0.763698892088 0.239314590345
-0.847672320917 0.167659737055
-0.777327679083 0.213709525443
-0.830899553919 0.173515856465
-0.794100446081 0.195128309777
-1.1875 0.144929931308
-1.24836915803 0.146218376531
-1.12663084197 0.144548139324
-1.24156646042 0.146034370879
-1.13343353958 0.144537197925
-1.22996309802 0.145743157954
-1.14503690198 0.144552675519
-1.21458721213 0.145402019641
-1.16041278787 0.144634133896
-1.19680464619 0.145073030583
-1.17819535381 0.144807557689
-1.24972857269 0.146256314089
-1.12527142731 0.1445522052
-1.24563484321 0.146143244604
-1.12936515679 0.144541881715
-1.23630110791 0.145898667002
-1.13869889209 0.144539063046
-1.22267232092 0.145574970377
-1.15232767908 0.144583000129
-1.20589955392 0.145232343152
-1.16910044608 0.144708678727
-1.0625 0.145753979891
-1.12336915803 0.14455898079
-1.00163084197 1.33927284146
-1.11656646042 0.144593959555
-1.00843353958 0.19137650081
-1.10496309802 0.144695754205
-1.02003690198 0.154079873803
-1.08958721213 0.144927922202
-1.03541278787 0.148160094582
-1.07180464619 0.145387625673
-1.05319535381 0.14626514789
-1.12472857269 0.144554008744
-1.00027142731 38.1892328922
-1.12063484321 0.14457098641
-1.00436515679 0.313777335346
-1.11130110791 0.144633215936
-1.01369889209 0.163364781849
-1.09767232092 0.144790443627
-1.02732767908 0.150148762668
-1.08089955392 0.145121140843
-1.04410044608 0.147006688156
1.0625 0.145753979891
1.00163084197 1.33927284146
1.12336915803 0.14455898079
1.00843353958 0.19137650081
1.11656646042 0.144593959555
1.02003690198 0.154079873803
1.10496309802 0.144695754205
1.03541278787 0.148160094582
1.08958721213 0.144927922202
1.05319535381 0.14626514789
1.07180464619 0.145387625673
1.00027142731 38.1892328922
1.12472857269 0.144554008744
1.00436515679 0.313777335346
1.12063484321 0.14457098641
1.01369889209 0.163364781849
1.11130110791 0.144633215936
1.02732767908 0.150148762668
1.09767232092 0.144790443627
1.04410044608 0.147006688156
1.08089955392 0.145121140843
1.1875 0.144929931308
1.12663084197 0.144548139324
1.24836915803 0.146218376531
1.13343353958 0.144537197925
1.24156646042 0.146034370879
1.14503690198 0.144552675519
1.22996309802 0.145743157954
1.16041278787 0.144634133896
1.21458721213 0.145402019641
1.17819535381 0.144807557689
1.19680464619 0.145073030583
1.12527142731 0.1445522052
1.24972857269 0.146256314089
1.12936515679 0.144541881715
1.24563484321 0.146143244604
1.13869889209 0.144539063046
1.23630110791 0.145898667002
1.15232767908 0.144583000129
1.22267232092 0.145574970377
1.16910044608 0.144708678727
1.20589955392 0.145232343152
1.8125 0.218682440332
1.75163084197 0.198753263463
1.87336915803 0.251362319701
1.75843353958 0.200603990825
1.86656646042 0.246646216666
1.77003690198 0.203946432438
1.85496309802 0.239369024989
1.78541278787 0.208781571224
1.83958721213 0.230950588988
1.80319535381 0.215055315499
1.82180464619 0.222585190084
1.75027142731 0.198392447095
1.87472857269 0.252349768084
1.75436515679 0.199487987013
1.87063484321 0.249422763081
1.76369889209 0.202090508766
1.86130110791 0.24323279046
1.77732767908 0.206177447969
1.84767232092 0.235221163754
1.79410044608 0.2117465632
1.83089955392 0.22670169663
1.9375 0.328058413498
1.87663084197 0.253758393942
1.99836915803 1.64798739501
1.88343353958 0.259070307641
1.99156646042 0.767129546802
1.89503690198 0.269276763398
1.97996309802 0.523666945766
1.91041278787 0.285701208825
1.96458721213 0.412077087182
1.92819535381 0.310849561958
1.94680464619 0.349566272735
1.87527142731 0.252748515588
1.99972857269 3.75861057459
1.87936515679 0.255840280963
1.99563484321 1.03725442715
1.88869889209 0.263506669932
1.98630110791 0.617865615235
1.90232767908 0.276586934699
1.97267232092 0.458970427871
1.91910044608 0.296960900515
1.95589955392 0.376820020692
-1.9375 0.328058413498
-1.99836915803 1.64798739501
-1.87663084197 0.253758393942
-1.99156646042 0.767129546802
-1.88343353958 0.259070307641
-1.97996309802 0.523666945766
-1.89503690198 0.269276763398
-1.96458721213 0.412077087182
-1.91041278787 0.285701208825
-1.94680464619 0.349566272735
-1.92819535381 0.310849561958
-1.99972857269 3.75861057459
-1.87527142731 0.252748515588
-1.99563484321 1.03725442715
-1.87936515679 0.255840280963
-1.98630110791 0.617865615235
-1.88869889209 0.263506669932
-1.97267232092 0.458970427871
-1.90232767908 0.276586934699
-1.95589955392 0.376820020692
-1.91910044608 0.296960900515
-1.8125 0.218682440332
-1.87336915803 0.251362319701
-1.75163084197 0.198753263463
-1.86656646042 0.246646216666
-1.75843353958 0.200603990825
-1.85496309802 0.239369024989
-1.77003690198 0.203946432438
-1.83958721213 0.230950588988
-1.78541278787 0.208781571224
-1.82180464619 0.222585190084
-1.80319535381 0.215055315499
-1.87472857269 0.252349768084
-1.75027142731 0.198392447095
-1.87063484321 0.249422763081
-1.75436515679 0.199487987013
-1.86130110791 0.24323279046
-1.76369889209 0.202090508766
-1.84767232092 0.235221163754
-1.77732767908 0.206177447969
-1.83089955392 0.22670169663
-1.79410044608 0.2117465632
0.5625 0.0663830173711
0.501630841968 0.06579543354
0.623369158032 0.0670692185978
0.508433539582 0.065856785242
0.616566460418 0.0669866388551
0.520036901981 0.065963860898
0.604963098019 0.0668495704517
0.535412787867 0.0661105761958
0.589587212133 0.0666746244076
0.553195353814 0.0662873603451
0.571804646186 0.0664809278652
0.500271427311 0.0657832979112
0.624728572689 0.0670859316218
0.50436515679 0.0658199683886
0.62063484321 0.0670358180553
0.513698892088 0.0659049914445
0.611301107912 0.0669238709809
0.527327679083 0.0660327334864
0.597672320917 0.0667657096197
0.544100446081 0.0661959722558
0.580899553919 0.0665788863844
0.6875 0.0679904764096
0.626630841968 0.067109441277
0.748369158032 0.302012644562
0.633433539582 0.0671947382754
0.741566460418 0.371818659541
0.645036901981 0.0673451399314
0.729963098019 0.0837779111653
0.660412787867 0.0675564481789
0.714587212133 0.0688479202422
0.678195353814 0.0678276202256
0.696804646186 0.0681830946778
0.625271427311 0.06709262592
0.749728572689 0.293220997827
0.62936515679 0.0671434911161
0.74563484321 0.323600895547
0.638698892088 0.0672621666713
0.736301107912 0.519476225178
0.652327679083 0.0674433645735
0.722672320917 0.0699455080661
0.669100446081 0.0676841958467
0.705899553919 0.0684351380015
-0.6875 0.0679904764096
-0.748369158032 0.302012644562
-0.626630841968 0.067109441277
-0.741566460418 0.371818659541
-0.633433539582 0.0671947382754
-0.729963098019 0.0837779111653
-0.645036901981 0.0673451399314
-0.714587212133 0.0688479202422
-0.660412787867 0.0675564481789
-0.696804646186 0.0681830946778
-0.678195353814 0.0678276202256
-0.749728572689 0.293220997827
-0.625271427311 0.06709262592
-0.74563484321 0.323600895547
-0.62936515679 0.0671434911161
-0.736301107912 0.519476225178
-0.638698892088 0.0672621666713
-0.722672320917 0.0699455080661
-0.652327679083 0.0674433645735
-0.705899553919 0.0684351380015
-0.669100446081 0.0676841958467
-0.5625 0.0663830173711
-0.623369158032 0.0670692185978
-0.501630841968 0.06579543354
-0.616566460418 0.0669866388551
-0.508433539582 0.065856785242
-0.604963098019 0.0668495704517
-0.520036901981 0.065963860898
-0.589587212133 0.0666746244076
-0.535412787867 0.0661105761958
-0.571804646186 0.0664809278652
-0.553195353814 0.0662873603451
-0.624728572689 0.0670859316218
-0.500271427311 0.0657832979112
-0.62063484321 0.0670358180553
-0.50436515679 0.0658199683886
-0.611301107912 0.0669238709809
-0.513698892088 0.0659049914445
-0.597672320917 0.0667657096197
-0.527327679083 0.0660327334864
-0.580899553919 0.0665788863844
-0.544100446081 0.0661959722558
-2.6875 0.269309863787
-2.74836915803 0.00136515566309
-2.62663084197 0.17639973932
-2.74156646042 0.00305518556831
-2.63343353958 0.182226744902
-2.72996309802 1.23660821737
-2.64503690198 0.193715515363
-2.71458721213 0.428722300875
-2.66041278787 0.213087110264
-2.69680464619 0.302433460909
-2.67819535381 0.245222971318
-2.74972857269 0.00121166634412
-2.62527142731 0.175303224362
-2.74563484321 0.00179482186801
-2.62936515679 0.178671518643
-2.73630110791 0.0102099178128
-2.63869889209 0.187171951322
-2.72267232092 0.58443787437
-2.65232767908 0.202195941828
-2.70589955392 0.35071754642
-2.66910044608 0.227071906514
-2.5625 0.140236767702
-2.62336915803 0.173803867699
-2.50163084197 0.121262208986
-2.61656646042 0.1687518065
-2.50843353958 0.122981396975
-2.60496309802 0.161100224412
-2.52003690198 0.126107792785
-2.58958721213 0.152456709374
-2.53541278787 0.130680590913
-2.57180464619 0.144077441282
-2.55319535381 0.136705211919
-2.62472857269 0.174871245095
-2.50027142731 0.120928012596
-2.62063484321 0.171717043041
-2.50436515679 0.121943707534
-2.61130110791 0.165141423803
-2.51369889209 0.124368382559
-2.59767232092 0.156814281456
-2.52732767908 0.128210292647
-2.58089955392 0.148175325059
-2.54410044608 0.133514790954
2.5625 0.140236767702
2.50163084197 0.121262208986
2.62336915803 0.173803867699
2.50843353958 0.122981396975
2.61656646042 0.1687518065
2.52003690198 0.126107792785
2.60496309802 0.161100224412
2.53541278787 0.130680590913
2.58958721213 0.152456709374
2.55319535381 0.136705211919
2.57180464619 0.144077441282
2.50027142731 0.120928012596
2.62472857269 0.174871245095
2.50436515679 0.121943707534
2.62063484321 0.171717043041
2.51369889209 0.124368382559
2.61130110791 0.165141423803
2.52732767908 0.128210292647
2.59767232092 0.156814281456
2.54410044608 0.133514790954
2.58089955392 0.148175325059
2.6875 0.269309863787
2.62663084197 0.17639973932
2.74836915803 0.00136515566309
2.63343353958 0.182226744902
2.74156646042 0.00305518556831
2.64503690198 0.193715515363
2.72996309802 1.23660821737
2.66041278787 0.213087110264
2.71458721213 0.428722300875
2.67819535381 0.245222971318
2.69680464619 0.302433460909
2.62527142731 0.175303224362
2.74972857269 0.00121166634412
2.62936515679 0.178671518643
2.74563484321 0.00179482186801
2.63869889209 0.187171951322
2.73630110791 0.0102099178128
2.65232767908 0.202195941828
2.72267232092 0.58443787437
2.66910044608 0.227071906514
2.70589955392 0.35071754642
-2.1875 0.0825931032067
-2.24836915803 0.0867910478486
-2.12663084197 0.0791441992737
-2.24156646042 0.086278401544
-2.13343353958 0.0794972185431
-2.22996309802 0.0854309020989
-2.14503690198 0.0801175296292
-2.21458721213 0.0843574359638
-2.16041278787 0.0809756567607
-2.19680464619 0.083181790571
-2.17819535381 0.0820217123237
-2.24972857269 0.0868949364463
-2.12527142731 0.0790745887723
-2.24563484321 0.086583553796
-2.12936515679 0.0792851551194
-2.23630110791 0.0858896994839
-2.13869889209 0.0797758438866
-2.22267232092 0.0849150576597
-2.15232767908 0.0805192095785
-2.20589955392 0.0837745621653
-2.16910044608 0.0814793334992
-2.0625 0.0762205939065
-2.12336915803 0.0789777020392
-2.00163084197 0.121802441682
-2.11656646042 0.0786361954511
-2.00843353958 0.0779413821517
-2.10496309802 0.0780716719767
-2.02003690198 0.0753955185545
-2.08958721213 0.0773595008153
-2.03541278787 0.0753589001246
-2.07180464619 0.0765923709149
-2.05319535381 0.075876658198
-2.12472857269 0.0790468780203
-2.00027142731 0.730769179289
-2.12063484321 0.0788395015694
-2.00436515679 0.0847147783861
-2.11130110791 0.0783772042845
-2.01369889209 0.0760153864475
-2.09767232092 0.0777287494589
-2.02732767908 0.075262923686
-2.08089955392 0.0769764652968
-2.04410044608 0.0755800287973
2.0625 0.0762205939065
2.00163084197 0.121802441682
2.12336915803 0.0789777020392
2.00843353958 0.0779413821517
2.11656646042 0.0786361954511
2.02003690198 0.0753955185545
2.10496309802 0.0780716719767
2.03541278787 0.0753589001246
2.08958721213 0.0773595008153
2.05319535381 0.075876658198
2.07180464619 0.0765923709149
2.00027142731 0.730769179289
2.12472857269 0.0790468780203
2.00436515679 0.0847147783861
2.12063484321 0.0788395015694
2.01369889209 0.0760153864475
2.11130110791 0.0783772042845
2.02732767908 0.075262923686
2.09767232092 0.0777287494589
2.04410044608 0.0755800287973
2.08089955392 0.0769764652968
2.1875 0.0825931032067
2.12663084197 0.0791441992737
2.24836915803 0.0867910478486
2.13343353958 0.0794972185431
2.24156646042 0.086278401544
2.14503690198 0.0801175296292
2.22996309802 0.0854309020989
2.16041278787 0.0809756567607
2.21458721213 0.0843574359638
2.17819535381 0.0820217123237
2.19680464619 0.083181790571
2.12527142731 0.0790745887723
2.24972857269 0.0868949364463
2.12936515679 0.0792851551194
2.24563484321 0.086583553796
2.13869889209 0.0797758438866
2.23630110791 0.0858896994839
2.15232767908 0.0805192095785
2.22267232092 0.0849150576597
2.16910044608 0.0814793334992
2.20589955392 0.0837745621653
-2.9375 3.58040815768e-05
-2.99836915803 2.55269187013e-05
-2.87663084197 5.74768729992e-05
-2.99156646042 2.6391192756e-05
-2.88343353958 5.39741294435e-05
-2.97996309802 2.79978972535e-05
-2.89503690198 4.88170299791e-05
-2.96458721213 3.04280886689e-05
-2.91041278787 4.32277986086e-05
-2.94680464619 3.3771558292e-05
-2.92819535381 3.80734060764e-05
-2.99972857269 2.53605070267e-05
-2.87527142731 5.82261863383e-05
-2.99563484321 2.58678802565e-05
-2.87936515679 5.60210872501e-05
-2.98630110791 2.70984380097e-05
-2.88869889209 5.1517613069e-05
-2.97267232092 2.91035395966e-05
-2.90232767908 4.60126291686e-05
-2.95589955392 3.19812127851e-05
-2.91910044608 4.05601866824e-05
-2.8125 0.000130824956518
-2.87336915803 5.93046108601e-05
-2.75163084197 0.0010405815198
-2.86656646042 6.34714361081e-05
-2.75843353958 0.000668072750527
-2.85496309802 7.19165141628e-05
-2.77003690198 0.000389757930446
-2.83958721213 8.66823262681e-05
-2.78541278787 0.000236818180398
-2.82180464619 0.000111914124559
-2.80319535381 0.000156075848271
-2.87472857269 5.85303286412e-05
-2.75027142731 0.00115827719002
-2.87063484321 6.09188906333e-05
-2.75436515679 0.000856692950544
-2.86130110791 6.70718171379e-05
-2.76369889209 0.00051025868946
-2.84767232092 7.83128219161e-05
-2.77732767908 0.000301123748439
-2.83089955392 9.76042171336e-05
-2.79410044608 0.000190184283977
2.8125 0.000130824956518
2.75163084197 0.0010405815198
2.87336915803 5.93046108601e-05
2.75843353958 0.000668072750527
2.86656646042 6.34714361081e-05
2.77003690198 0.000389757930446
2.85496309802 7.19165141628e-05
2.78541278787 0.000236818180398
2.83958721213 8.66823262681e-05
2.80319535381 0.000156075848271
2.82180464619 0.000111914124559
2.75027142731 0.00115827719002
2.87472857269 5.85303286412e-05
2.75436515679 0.000856692950544
2.87063484321 6.09188906333e-05
2.76369889209 0.00051025868946
2.86130110791 6.70718171379e-05
2.77732767908 0.000301123748439
2.84767232092 7.83128219161e-05
2.79410044608 0.000190184283977
2.83089955392 9.76042171336e-05
2.9375 3.58040815768e-05
2.87663084197 5.74768729992e-05
2.99836915803 2.55269187013e-05
2.88343353958 5.39741294435e-05
2.99156646042 2.6391192756e-05
2.89503690198 4.88170299791e-05
2.97996309802 2.79978972535e-05
2.91041278787 4.32277986086e-05
2.96458721213 3.04280886689e-05
2.92819535381 3.80734060764e-05
2.94680464619 3.3771558292e-05
2.87527142731 5.82261863383e-05
2.99972857269 2.53605070267e-05
2.87936515679 5.60210872501e-05
2.99563484321 2.58678802565e-05
2.88869889209 5.1517613069e-05
2.98630110791 2.70984380097e-05
2.90232767908 4.60126291686e-05
2.97267232092 2.91035395966e-05
2.91910044608 4.05601866824e-05
2.95589955392 3.19812127851e-05
-1.09375 0.144852545225
-1.12418457902 0.144555919945
-1.06331542098 0.145717063086
-1.12078323021 0.144570265166
-1.06671676979 0.145573811404
-1.11498154901 0.14460461869
-1.07251845099 0.145363862458
-1.10729360607 0.144670729995
-1.08020639393 0.145138914052
-1.09840232309 0.144779783364
-1.08909767691 0.144937469098
-1.12486428634 0.144553548173
-1.06263571366 0.145747761931
-1.1228174216 0.144561186145
-1.0646825784 0.14565747414
-1.11815055396 0.144584273288
-1.06934944604 0.145473629532
-1.11133616046 0.144632917632
-1.07616383954 0.145250492064
-1.10294977696 0.144719356442
-1.08455022304 0.14503355398
-1.03125 0.149013847418
-1.06168457902 0.145791977254
-1.00081542098 4.86330327663
-1.05828323021 0.14596320921
-1.00421676979 0.325735102504
-1.05248154901 0.146312776436
-1.01001845099 0.178270238148
-1.04479360607 0.146937721187
-1.01770639393 0.156394451014
-1.03590232309 0.148076280298
-1.02659767691 0.150411321666
-1.06236428634 0.145760227775
-1.00013571366 112.156195191
-1.0603174216 0.145858257771
-1.0021825784 0.813722560511
-1.05565055396 0.146111756321
-1.00684944604 0.214533568706
-1.04883616046 0.146580832016
-1.01366383954 0.163453362924
-1.04044977696 0.147417312891
-1.02205022304 0.152622401787
1.03125 0.149013847418
1.00081542098 4.86330327663
1.06168457902 0.145791977254
1.00421676979 0.325735102504
1.05828323021 0.14596320921
1.01001845099 0.178270238148
1.05248154901 0.146312776436
1.01770639393 0.156394451014
1.04479360607 0.146937721187
1.02659767691 0.150411321666
1.03590232309 0.148076280298
1.00013571366 112.156195191
1.06236428634 0.145760227775
1.0021825784 0.813722560511
1.0603174216 0.145858257771
1.00684944604 0.214533568706
1.05565055396 0.146111756321
1.01366383954 0.163453362924
1.04883616046 0.146580832016
1.02205022304 0.152622401787
1.04044977696 0.147417312891
1.09375 0.144852545225
1.06331542098 0.145717063086
1.12418457902 0.144555919945
1.06671676979 0.145573811404
1.12078323021 0.144570265166
1.07251845099 0.145363862458
1.11498154901 0.14460461869
1.08020639393 0.145138914052
1.10729360607 0.144670729995
1.08909767691 0.144937469098
1.09840232309 0.144779783364
1.06263571366 0.145747761931
1.12486428634 0.144553548173
1.0646825784 0.14565747414
1.1228174216 0.144561186145
1.06934944604 0.145473629532
1.11815055396 0.144584273288
1.07616383954 0.145250492064
1.11133616046 0.144632917632
1.08455022304 0.14503355398
1.10294977696 0.144719356442
0.90625 0.155580754831
0.875815420984 0.160645110301
0.936684579016 0.152369417961
0.879216769791 0.159970316957
0.933283230209 0.152638270154
0.885018450991 0.158888643125
0.927481549009 0.153152994342
0.892706393933 0.157579447269
0.919793606067 0.153935631053
0.901597676907 0.156225669887
0.910902323093 0.1549772476
0.875135713655 0.160783745346
0.937364286345 0.152318819272
0.877182578395 0.160370123274
0.935317421605 0.152474399026
0.881849446044 0.159468971296
0.930650553956 0.152863391228
0.888663839542 0.158250974944
0.923836160458 0.153510246483
0.897050223041 0.156897565908
0.915449776959 0.15442633323
0.96875 0.152128601543
0.938315420984 0.152249842731
0.999184579016 4.86338320149
0.941716769791 0.152021538307
0.995783230209 0.326148537362
0.947518450991 0.151707213628
0.989981549009 0.179253890695
0.955206393933 0.151482516453
0.982293606067 0.158139297337
0.964097676907 0.151674056654
0.973402323093 0.153050125949
0.937635713655 0.152298915995
0.999864286345 112.156208492
0.939682578395 0.152154541462
0.997817421605 0.813936504608
0.944349446044 0.151866197197
0.993150553956 0.215205460269
0.951163839542 0.151568430891
0.986336160458 0.164796919608
0.959550223041 0.151495164219
0.977949776959 0.154801749392
-0.96875 0.152128601543
-0.999184579016 4.86338320149
-0.938315420984 0.152249842731
-0.995783230209 0.326148537362
-0.941716769791 0.152021538307
-0.989981549009 0.179253890695
-0.947518450991 0.151707213628
-0.982293606067 0.158139297337
-0.955206393933 0.151482516453
-0.973402323093 0.153050125949
-0.964097676907 0.151674056654
-0.999864286345 112.156208492
-0.937635713655 0.152298915995
-0.997817421605 0.813936504608
-0.939682578395 0.152154541462
-0.993150553956 0.215205460269
-0.944349446044 0.151866197197
-0.986336160458 0.164796919608
-0.951163839542 0.151568430891
-0.977949776959 0.154801749392
-0.959550223041 0.151495164219
-0.90625 0.155580754831
-0.936684579016 0.152369417961
-0.875815420984 0.160645110301
-0.933283230209 0.152638270154
-0.879216769791 0.159970316957
-0.927481549009 0.153152994342
-0.885018450991 0.158888643125
-0.919793606067 0.153935631053
-0.892706393933 0.157579447269
-0.910902323093 0.1549772476
-0.901597676907 0.156225669887
-0.937364286345 0.152318819272
-0.875135713655 0.160783745346
-0.935317421605 0.152474399026
-0.877182578395 0.160370123274
-0.930650553956 0.152863391228
-0.881849446044 0.159468971296
-0.923836160458 0.153510246483
-0.888663839542 0.158250974944
-0.915449776959 0.15442633323
-0.897050223041 0.156897565908
-1.96875 0.433952278314
-1.99918457902 2.29068058386
-1.93831542098 0.329747933532
-1.99578323021 1.05404085478
-1.94171676979 0.337170741211
-1.98998154901 0.709958288768
-1.94751845099 0.351447086828
-1.98229360607 0.552361500056
-1.95520639393 0.374456115739
-1.97340232309 0.464226339104
-1.96409767691 0.40975698196
-1.99986428634 4.7317324569
-1.93763571366 0.328337324757
-1.9978174216 1.43541914687
-1.9396825784 0.33265652751
-1.99315055396 0.843085857472
-1.94434944604 0.34337392954
-1.98633616046 0.618562815724
-1.95116383954 0.361682845253
-1.97794977696 0.502630224385
-1.95955022304 0.390251925659
-1.90625 0.280863090819
-1.93668457902 0.326401379517
-1.87581542098 0.253150677507
-1.93328323021 0.319817617347
-1.87921676979 0.255725517825
-1.92748154901 0.309666778953
-1.88501845099 0.260374061134
-1.91979360607 0.297936390345
-1.89270639393 0.267096577158
-1.91090232309 0.286292061336
-1.90159767691 0.275819064238
-1.93736428634 0.327780402001
-1.87513571366 0.252648588895
-1.9353174216 0.323693218673
-1.8771825784 0.254172965295
-1.93065055396 0.31505503448
-1.88184944604 0.257793129208
-1.92383616046 0.30388545659
-1.88866383954 0.263476115249
-1.91544977696 0.292020686395
-1.89705022304 0.271218671881
1.90625 0.280863090819
1.87581542098 0.253150677507
1.93668457902 0.326401379517
1.87921676979 0.255725517825
1.93328323021 0.319817617347
1.88501845099 0.260374061134
1.92748154901 0.309666778953
1.89270639393 0.267096577158
1.91979360607 0.297936390345
1.90159767691 0.275819064238
1.91090232309 0.286292061336
1.87513571366 0.252648588895
1.93736428634 0.327780402001
1.8771825784 0.254172965295
1.9353174216 0.323693218673
1.88184944604 0.257793129208
1.93065055396 0.31505503448
1.88866383954 0.263476115249
1.92383616046 0.30388545659
1.89705022304 0.271218671881
1.91544977696 0.292020686395
1.96875 0.433952278314
1.93831542098 0.329747933532
1.99918457902 2.29068058386
1.94171676979 0.337170741211
1.99578323021 1.05404085478
1.94751845099 0.351447086828
1.98998154901 0.709958288768
1.95520639393 0.374456115739
1.98229360607 0.552361500056
1.96409767691 0.40975698196
1.97340232309 0.464226339104
1.93763571366 0.328337324757
1.99986428634 4.7317324569
1.9396825784 0.33265652751
1.9978174216 1.43541914687
1.94434944604 0.34337392954
1.99315055396 0.843085857472
1.95116383954 0.361682845253
1.98633616046 0.618562815724
1.95955022304 0.390251925659
1.97794977696 0.502630224385
-2.71875 0.490999558547
-2.74918457902 0.00126944106846
-2.68831542098 0.271781684101
-2.74578323021 0.00176594498083
-2.69171676979 0.282891567439
-2.73998154901 0.00401244536397
-2.69751845099 0.305516578849
-2.73229360607 0.677252782142
-2.70520639393 0.346189192811
-2.72340232309 0.60854561771
-2.71409767691 0.422862197033
-2.74986428634 0.00119793742657
-2.68763571366 0.26971651371
-2.7478174216 0.00143700552607
-2.6896825784 0.276085634324
-2.74315055396 0.00242691119215
-2.69434944604 0.292507847182
-2.73633616046 0.0100850840885
-2.70116383954 0.322899220187
-2.72794977696 0.883085692398
-2.70955022304 0.377931798205
-2.65625 0.207260316914
-2.68668457902 0.266905243398
-2.62581542098 0.175739461683
-2.68328323021 0.257536624535
-2.62921676979 0.178545888828
-2.67748154901 0.243635230314
-2.63501845099 0.183672479269
-2.66979360607 0.22831296783
-2.64270639393 0.191227913126
-2.66090232309 0.213805961503
-2.65159767691 0.201294790147
-2.68736428634 0.268905074875
-2.62513571366 0.175194917977
-2.6853174216 0.26301626315
-2.6271825784 0.176850907724
-2.68065055396 0.250935628656
-2.63184944604 0.180816487629
-2.67383616046 0.235989580779
-2.63866383954 0.187137640872
-2.66544977696 0.220860395689
-2.64705022304 0.19594708974
2.65625 0.207260316914
2.62581542098 0.175739461683
2.68668457902 0.266905243398
2.62921676979 0.178545888828
2.68328323021 0.257536624535
2.63501845099 0.183672479269
2.67748154901 0.243635230314
2.64270639393 0.191227913126
2.66979360607 0.22831296783
2.65159767691 0.201294790147
2.66090232309 0.213805961503
2.62513571366 0.175194917977
2.68736428634 0.268905074875
2.6271825784 0.176850907724
2.6853174216 0.26301626315
2.63184944604 0.180816487629
2.68065055396 0.250935628656
2.63866383954 0.187137640872
2.67383616046 0.235989580779
2.64705022304 0.19594708974
2.66544977696 0.220860395689
2.71875 0.490999558547
2.68831542098 0.271781684101
2.74918457902 0.00126944106846
2.69171676979 0.282891567439
2.74578323021 0.00176594498083
2.69751845099 0.305516578849
2.73998154901 0.00401244536397
2.70520639393 0.346189192811
2.73229360607 0.677252782142
2.71409767691 0.422862197033
2.72340232309 0.60854561771
2.68763571366 0.26971651371
2.74986428634 0.00119793742657
2.6896825784 0.276085634324
2.7478174216 0.00143700552607
2.69434944604 0.292507847182
2.74315055396 0.00242691119215
2.70116383954 0.322899220187
2.73633616046 0.0100850840885
2.70955022304 0.377931798205
2.72794977696 0.883085692398
-1.046875 0.146745001207
-1.06209228951 0.14577284069
-1.03165771049 0.148917108715
-1.0603916151 0.145854555378
-1.0333583849 0.148546761924
-1.0574907745 0.146006334345
-1.0362592255 0.148016986732
-1.05364680303 0.146235760691
-1.04010319697 0.147461050662
-1.04920116155 0.146551941961
-1.04454883845 0.146961783965
-1.06243214317 0.14575710008
-1.03131785683 0.148997515229
-1.0614087108 0.145805084963
-1.0323412892 0.148762098404
-1.05907527698 0.14592138563
-1.03467472302 0.148292218291
-1.05566808023 0.146110715641
-1.03808191977 0.147735890851
-1.05147488848 0.146382487404
-1.04227511152 0.147201299948
-1.015625 0.159362276099
-1.03084228951 0.149113992276
-1.00040771049 18.209407746
-1.0291416151 0.149572675229
-1.0021083849 0.861374104006
-1.0262407745 0.150547050276
-1.0050092255 0.273588480928
-1.02239680303 0.152408516563
-1.00885319697 0.187216836277
-1.01795116155 0.156109872486
-1.01329883845 0.164417121688
-1.03118214317 0.149030273933
-1.00006785683 218.099578831
-1.0301587108 0.149290041063
-1.0010912892 2.79753640346
-1.02782527698 0.149980523968
-1.00342472302 0.41801957596
-1.02441808023 0.151327722062
-1.00683191977 0.21488276635
-1.02022488848 0.15392601627
-1.01102511152 0.172700923561
1.015625 0.159362276099
1.00040771049 18.209407746
1.03084228951 0.149113992276
1.0021083849 0.861374104006
1.0291416151 0.149572675229
1.0050092255 0.273588480928
1.0262407745 0.150547050276
1.00885319697 0.187216836277
1.02239680303 0.152408516563
1.01329883845 0.164417121688
1.01795116155 0.156109872486
1.00006785683 218.099578831
1.03118214317 0.149030273933
1.0010912892 2.79753640346
1.0301587108 0.149290041063
1.00342472302 0.41801957596
1.02782527698 0.149980523968
1.00683191977 0.21488276635
1.02441808023 0.151327722062
1.01102511152 0.172700923561
1.02022488848 0.15392601627
1.046875 0.146745001207
1.03165771049 0.148917108715
1.06209228951 0.14577284069
1.0333583849 0.148546761924
1.0603916151 0.145854555378
1.0362592255 0.148016986732
1.0574907745 0.146006334345
1.04010319697 0.147461050662
1.05364680303 0.146235760691
1.04454883845 0.146961783965
1.04920116155 0.146551941961
1.03131785683 0.148997515229
1.06243214317 0.14575710008
1.0323412892 0.148762098404
1.0614087108 0.145805084963
1.03467472302 0.148292218291
1.05907527698 0.14592138563
1.03808191977 0.147735890851
1.05566808023 0.146110715641
1.04227511152 0.147201299948
1.05147488848 0.146382487404
0.953125 0.151516735038
0.937907710492 0.152279145957
0.968342289508 0.152073893752
0.939608384895 0.15215959421
0.966641615105 0.151879472189
0.942509225495 0.151972713985
0.963740774505 0.151652142866
0.946353196967 0.151761862246
0.959896803033 0.151502011928
0.950798838453 0.151579942623
0.955451161547 0.151480032722
0.937567856828 0.152303875508
0.968682143172 0.152119260934
0.938591289198 0.152230242822
0.967658710802 0.151989477557
0.940924723022 0.152072037406
0.965325276978 0.151761789496
0.944331919771 0.151867164779
0.961918080229 0.151562719003
0.94852511152 0.151663824076
0.95772488848 0.151474312216
0.984375 0.160900185213
0.969157710492 0.152186769783
0.999592289508 18.209447708
0.970858384895 0.152470925245
0.997891615105 0.861580774266
0.973759225495 0.153149602096
0.994990774505 0.274079673871
0.977603196967 0.154622703925
0.991146803033 0.188085752224
0.982048838453 0.157879103725
0.986701161547 0.165724567617
0.968817856828 0.152138037983
0.999932143172 218.099585482
0.969841289198 0.15229255914
0.998908710802 2.79764336897
0.972174723022 0.152744292609
0.996575276978 0.418355319504
0.975581919771 0.153745661354
0.993168080229 0.215552935934
0.97977511152 0.155922310972
0.98897488848 0.173783806868
-1.0234375 0.151819293768
-1.03104614475 0.149063483114
-1.01582885525 0.159020417665
-1.03019580755 0.14928021338
-1.01667919245 0.157724082844
-1.02874538725 0.149690125921
-1.01812961275 0.155909396212
-1.02682340152 0.150328037089
-1.02005159848 0.154067695958
-1.02460058077 0.151242248088
-1.02227441923 0.152482965716
-1.03121607159 0.149022048835
-1.01565892841 0.159304472679
-1.0307043554 0.149148675156
-1.0161706446 0.158475348444
-1.02953763849 0.149459513699
-1.01733736151 0.156845785579
-1.02783404011 0.14997763456
-1.01904095989 0.154969162982
-1.02573744424 0.150747357202
-1.02113755576 0.153234036188
-1.0078125 0.198799864431
-1.01542114475 0.159717473719
-1.00020385525 61.8864701389
-1.01457080755 0.161359804685
-1.00105419245 2.9856730837
-1.01312038725 0.164917409762
-1.00250461275 0.653514922306
-1.01119840152 0.171889453177
-1.00442659848 0.30917403884
-1.00897558077 0.186111790162
-1.00664941923 0.218684184239
-1.01559107159 0.159420448915
-1.00003392841 285.5976236
-1.0150793554 0.160344937275
-1.0005456446 10.4908656428
-1.01391263849 0.162838810631
-1.00171236151 1.22882252959
-1.01220904011 0.167818812613
-1.00341595989 0.419411832143
-1.01011244424 0.177679472498
-1.00551255576 0.251473625992
